 255 255 255 255 255 255 254 254 255 255 255 255 255 255 255 255
 255 255 255 255 255 255 255 255 255 254 255 255 255 255 255 255
 255 255 255 255 255 255 254 255 255 255 254 254 254 254 254 255
 255 255 255 254 255 246 176 178 187 207 249 255 255 254 255 255
 255 255 255 255 255 230 129 212 220 155 172 254 255 254 254 255
 255 255 255 255 255 228 134 254 255 217 150 255 255 255 255 255
 255 255 254 255 255 227 143 255 255 204 162 255 255 255 255 255
 255 255 255 255 255 223 131 171 169 128 218 255 255 255 255 255
 255 255 255 255 255 232 136 227 225 190 138 246 255 255 255 255
 255 255 255 255 255 234 146 255 255 255 157 202 255 255 255 255
 254 255 255 255 255 232 153 255 255 252 146 217 254 255 255 255
 255 255 255 255 255 231 135 175 184 154 169 254 255 255 255 255
 255 255 255 255 255 251 214 205 202 233 255 255 255 255 255 255
 254 255 255 255 255 255 255 255 255 255 255 255 255 255 255 255
 254 255 255 255 255 255 255 255 255 255 255 255 255 255 255 255
 252 252 253 254 253 253 254 254 255 254 254 254 254 253 252 252
 254 255 255 255 255 255 255 255 255 255 255 255 255 255 255 254
 255 255 255 255 255 255 255 255 255 255 255 255 255 255 255 254
 255 255 255 255 255 255 255 255 254 254 255 255 255 255 255 254
 255 255 255 255 255 244 162 165 171 197 249 255 255 255 255 254
 254 255 255 255 255 227 109 205 209 136 159 254 255 255 255 254
 254 255 255 255 255 225 118 254 255 211 133 255 255 255 255 254
 255 255 255 255 255 221 121 254 255 196 150 255 255 255 255 255
 255 255 255 255 255 220 110 153 153 111 216 255 255 255 255 255
 255 255 255 255 255 229 120 220 217 176 118 243 255 255 255 255
 254 255 255 255 255 230 129 255 255 254 139 195 254 255 255 255
 254 255 255 255 255 228 133 255 255 252 127 208 255 255 255 255
 255 255 255 255 255 225 115 167 174 136 151 252 255 255 255 255
 255 255 255 255 255 249 203 196 192 226 254 255 255 255 255 255
 254 255 255 255 255 255 255 255 255 255 255 255 255 255 255 255
 254 255 255 255 255 255 255 255 255 255 255 255 255 255 255 255
 254 255 254 254 255 255 255 254 255 255 255 254 254 255 254 254
 245 241 242 242 242 242 244 244 242 243 243 243 244 243 243 242
 244 244 245 244 244 244 243 243 245 247 248 246 245 245 245 244
 243 244 247 247 246 245 245 246 248 247 247 248 247 247 246 246
 244 243 245 246 245 233 159 163 171 195 241 246 246 246 246 247
 244 243 244 246 246 217 100 189 192 122 154 244 246 246 246 246
 244 244 246 246 246 215 108 244 240 199 121 242 246 246 244 245
 243 244 246 246 243 209 115 246 241 184 136 241 243 245 242 239
 243 243 245 245 242 203  98 154 146 104 206 240 243 243 241 243
 242 243 246 244 242 214 106 206 202 161 112 235 241 243 243 241
 244 240 243 243 243 215 114 243 241 240 125 184 241 242 244 242
 243 240 241 241 242 210 118 240 239 240 116 194 241 243 239 240
 240 240 241 241 240 209 102 161 170 130 142 239 242 243 242 242
 241 239 242 241 241 231 182 178 175 207 239 240 242 242 241 241
 241 238 239 239 239 239 237 238 237 238 240 241 242 240 239 241
 243 241 240 238 237 239 239 240 239 240 239 241 240 240 237 239
 243 241 242 242 242 243 243 243 240 239 243 244 243 242 243 244

 255 255 255 255 255 255 255 255 255 255 255 255 255 255 255 252
 255 255 254 255 254 255 255 255 255 255 255 255 255 255 255 252
 255 255 254 254 254 255 255 255 255 255 255 255 255 255 255 253
 255 255 254 255 255 255 255 255 255 255 254 255 255 255 255 254
 255 255 254 255 254 255 255 255 246 202 217 254 255 255 255 254
 255 255 254 249 172 150 162 218 138 157 146 169 255 255 255 254
 255 254 255 207 155 217 204 128 190 255 252 154 233 255 255 254
 255 255 255 187 220 255 255 169 225 255 255 184 202 255 255 255
 254 255 255 178 212 254 255 171 227 255 255 175 205 255 255 254
 254 255 254 176 129 134 143 131 136 146 153 135 214 255 255 254
 255 255 255 246 230 228 227 223 232 234 232 231 251 255 255 253
 255 255 255 255 255 255 255 255 255 255 255 255 255 255 255 253
 255 255 255 254 255 255 255 255 255 255 255 255 255 255 255 254
 255 255 255 255 255 255 254 255 255 255 255 255 255 255 255 253
 255 255 255 255 255 255 255 255 255 255 255 255 255 255 255 252
 255 255 255 255 255 255 255 255 255 255 254 255 255 254 254 252
 254 254 254 254 254 254 255 255 255 255 255 255 255 255 255 254
 255 255 255 255 255 255 255 255 255 255 255 255 255 255 255 254
 255 255 255 255 255 255 255 255 255 255 255 255 255 255 255 255
 255 255 255 255 255 255 255 255 255 254 255 255 255 255 255 254
 255 255 255 255 254 255 255 255 243 195 208 252 255 255 255 254
 255 255 255 249 159 133 150 216 118 139 127 151 254 255 255 255
 255 255 254 197 136 211 196 111 176 254 252 136 226 255 255 255
 255 255 254 171 209 255 255 153 217 255 255 174 192 255 255 255
 255 255 255 165 205 254 254 153 220 255 255 167 196 255 255 254
 255 255 255 162 109 118 121 110 120 129 133 115 203 255 255 255
 255 255 255 244 227 225 221 220 229 230 228 225 249 255 255 255
 255 255 255 255 255 255 255 255 255 255 255 255 255 255 255 255
 255 255 255 255 255 255 255 255 255 255 255 255 255 255 255 254
 255 255 255 255 255 255 255 255 255 255 255 255 255 255 255 254
 255 255 255 255 255 255 255 255 255 255 255 255 255 255 255 255
 254 255 255 255 254 254 255 255 255 254 254 255 255 254 254 254
 242 244 246 247 246 245 239 243 241 242 240 242 241 241 239 244
 243 245 246 246 246 244 242 241 243 244 239 242 241 239 237 243
 243 245 247 246 246 246 245 243 243 242 243 243 242 240 240 242
 244 245 247 246 246 246 243 243 241 241 241 242 242 242 240 243
 243 246 248 246 244 242 241 240 235 184 194 239 240 241 241 244
 243 248 247 241 154 121 136 206 112 125 116 142 239 240 239 243
 243 247 247 195 122 199 184 104 161 240 240 130 207 238 240 239
 242 245 248 171 192 240 241 146 202 241 239 170 175 237 239 240
 244 243 246 163 189 244 246 154 206 243 240 161 178 238 240 243
 244 243 245 159 100 108 115  98 106 114 118 102 182 237 239 243
 242 244 245 233 217 215 209 203 214 215 210 209 231 239 239 243
 242 244 246 245 246 246 243 242 242 243 242 240 241 239 237 242
 242 244 247 246 246 246 246 245 244 243 241 241 241 239 238 242
 242 245 247 245 244 246 246 245 246 243 241 241 242 239 240 242
 241 244 244 243 243 244 244 243 243 240 240 240 239 238 241 241
 245 244 243 244 244 244 243 243 242 244 243 240 241 241 243 243

 252 252 253 254 254 254 254 255 254 254 253 253 254 253 252 252
 255 255 255 255 255 255 255 255 255 255 255 255 255 255 255 254
 255 255 255 255 255 255 255 255 255 255 255 255 255 255 255 254
 255 255 255 255 255 255 233 202 205 214 251 255 255 255 255 255
 255 255 255 255 254 169 154 184 175 135 231 255 255 255 255 255
 255 255 255 254 217 146 252 255 255 153 232 255 255 255 255 254
 255 255 255 255 202 157 255 255 255 146 234 255 255 255 255 255
 255 255 255 255 246 138 190 225 227 136 232 255 255 255 255 255
 255 255 255 255 255 218 128 169 171 131 223 255 255 255 255 255
 255 255 255 255 255 162 204 255 255 143 227 255 255 254 255 255
 255 255 255 255 255 150 217 255 254 134 228 255 255 255 255 255
 255 254 254 255 254 172 155 220 212 129 230 255 255 255 255 255
 255 255 254 255 255 249 207 187 178 176 246 255 254 255 255 255
 255 254 254 254 254 254 255 255 255 254 255 255 255 255 255 255
 255 255 255 255 255 255 254 255 255 255 255 255 255 255 255 255
 255 255 255 255 255 255 255 255 254 254 255 255 255 255 255 255
 254 254 255 254 254 255 255 255 254 255 255 255 254 254 255 254
 255 255 255 255 255 255 255 255 255 255 255 255 255 255 255 254
 255 255 255 255 255 255 255 255 255 255 255 255 255 255 255 254
 255 255 255 255 255 254 226 192 196 203 249 255 255 255 255 255
 255 255 255 255 252 151 136 174 167 115 225 255 255 255 255 255
 255 255 255 255 208 127 252 255 255 133 228 255 255 255 255 254
 255 255 255 254 195 139 254 255 255 129 230 255 255 255 255 254
 255 255 255 255 243 118 176 217 220 120 229 255 255 255 255 255
 255 255 255 255 255 216 111 153 153 110 220 255 255 255 255 255
 255 255 255 255 255 150 196 255 254 121 221 255 255 255 255 255
 254 255 255 255 255 133 211 255 254 118 225 255 255 255 255 254
 254 255 255 255 254 159 136 209 205 109 227 255 255 255 255 254
 254 255 255 255 255 249 197 171 165 162 244 255 255 255 255 255
 254 255 255 255 255 255 254 254 255 255 255 255 255 255 255 255
 254 255 255 255 255 255 255 255 255 255 255 255 255 255 255 255
 254 255 255 255 255 255 255 255 255 255 255 255 255 255 255 254
 244 243 242 243 244 243 239 240 243 243 243 242 242 242 241 243
 239 237 240 240 241 239 240 239 240 239 239 237 238 240 241 243
 241 239 240 242 241 240 238 237 238 237 239 239 239 239 238 241
 241 241 242 242 240 239 207 175 178 182 231 241 241 242 239 241
 242 242 243 242 239 142 130 170 161 102 209 240 241 241 240 240
 240 239 243 241 194 116 240 239 240 118 210 242 241 241 240 243
 242 244 242 241 184 125 240 241 243 114 215 243 243 243 240 244
 241 243 243 241 235 112 161 202 206 106 214 242 244 246 243 242
 243 241 243 243 240 206 104 146 154  98 203 242 245 245 243 243
 239 242 245 243 241 136 184 241 246 115 209 243 246 246 244 243
 245 244 246 246 242 121 199 240 244 108 215 246 246 246 244 244
 246 246 246 246 244 154 122 192 189 100 217 246 246 244 243 244
 247 246 246 246 246 241 195 171 163 159 233 245 246 245 243 244
 246 246 247 247 248 247 247 248 246 245 245 246 247 247 244 243
 244 245 245 245 246 248 247 245 243 243 244 244 244 245 244 244
 242 243 243 244 243 243 243 242 244 244 242 242 242 242 241 245

 252 254 254 255 255 254 255 255 255 255 255 255 255 255 255 255
 252 255 255 255 255 255 255 255 255 255 255 255 255 255 255 255
 253 255 255 255 255 255 255 255 255 254 255 255 255 255 255 255
 254 255 255 255 255 255 255 255 255 255 255 255 254 255 255 255
 253 255 255 255 255 255 255 255 255 255 255 255 255 255 255 255
 253 255 255 251 231 232 234 232 223 227 228 230 246 255 255 255
 254 255 255 214 135 153 146 136 131 143 134 129 176 254 255 254
 254 255 255 205 175 255 255 227 171 255 254 212 178 255 255 254
 255 255 255 202 184 255 255 225 169 255 255 220 187 255 255 255
 254 255 255 233 154 252 255 190 128 204 217 155 207 255 254 255
 254 255 255 255 169 146 157 138 218 162 150 172 249 254 255 255
 254 255 255 255 254 217 202 246 255 255 255 254 255 254 255 255
 254 255 255 255 255 254 255 255 255 255 255 255 255 254 255 255
 253 255 255 255 255 255 255 255 255 255 255 254 254 254 255 255
 252 255 255 255 255 255 255 255 255 255 255 254 255 254 255 255
 252 255 255 255 255 255 255 255 255 255 255 255 255 255 255 255
 254 254 254 255 255 254 254 255 255 255 254 254 255 255 255 254
 255 255 255 255 255 255 255 255 255 255 255 255 255 255 255 255
 254 255 255 255 255 255 255 255 255 255 255 255 255 255 255 255
 254 255 255 255 255 255 255 255 255 255 255 255 255 255 255 255
 255 255 255 255 255 255 255 255 255 255 255 255 255 255 255 255
 255 255 255 249 225 228 230 229 220 221 225 227 244 255 255 255
 255 255 255 203 115 133 129 120 110 121 118 109 162 255 255 255
 254 255 255 196 167 255 255 220 153 254 254 205 165 255 255 255
 255 255 255 192 174 255 255 217 153 255 255 209 171 254 255 255
 255 255 255 226 136 252 254 176 111 196 211 136 197 254 255 255
 255 255 255 254 151 127 139 118 216 150 133 159 249 255 255 255
 254 255 255 255 252 208 195 243 255 255 255 254 255 255 255 255
 254 255 255 255 255 255 254 255 255 255 255 255 255 255 255 255
 255 255 255 255 255 255 255 255 255 255 255 255 255 255 255 255
 254 255 255 255 255 255 255 255 255 255 255 255 255 255 255 255
 254 255 255 255 255 255 255 255 255 255 254 254 254 254 254 254
 243 243 241 241 240 243 244 242 243 243 244 244 244 243 244 245
 241 241 238 239 240 240 240 243 243 244 244 243 243 244 244 241
 242 240 239 242 241 241 243 246 245 246 246 244 245 247 245 242
 242 238 239 241 241 241 243 244 245 246 246 246 246 247 244 242
 242 237 239 241 240 242 243 242 242 243 246 246 245 246 244 242
 243 239 239 231 209 210 215 214 203 209 215 217 233 245 244 242
 243 239 237 182 102 118 114 106  98 115 108 100 159 245 243 244
 243 240 238 178 161 240 243 206 154 246 244 189 163 246 243 244
 240 239 237 175 170 239 241 202 146 241 240 192 171 248 245 242
 239 240 238 207 130 240 240 161 104 184 199 122 195 247 247 243
 243 239 240 239 142 116 125 112 206 136 121 154 241 247 248 243
 244 241 241 240 239 194 184 235 240 241 242 244 246 248 246 243
 243 240 242 242 242 241 241 241 243 243 246 246 246 247 245 244
 242 240 240 242 243 243 242 243 243 245 246 246 246 247 245 243
 243 237 239 241 242 239 244 243 241 242 244 246 246 246 245 243
 244 239 241 241 242 240 242 241 243 239 245 246 247 246 244 242

