 255 255 255 255 255 255 255 255 255 255 255 255 255 255 255 249
 255 255 255 255 255 255 255 255 255 255 255 255 255 255 255 252
 254 255 255 255 255 255 255 255 255 255 255 255 255 255 255 252
 255 255 255 255 255 255 254 195 220 254 255 255 255 255 255 254
 254 255 255 254 254 255 222 136 145 255 255 255 254 255 255 255
 255 255 255 255 255 255 176 211 135 235 254 255 254 255 254 255
 254 255 255 255 255 250 139 252 172 194 255 255 255 254 254 255
 254 255 255 255 255 220 161 255 230 142 253 255 255 255 255 255
 255 255 255 255 255 167 206 255 251 133 218 255 255 255 255 255
 254 255 255 255 250 129 140 139 136 133 182 254 255 255 255 245
 255 255 255 255 205 164 255 255 252 210 142 253 255 255 255 235
 255 255 255 255 171 209 255 255 255 251 140 225 255 255 255 235
 255 255 255 255 210 246 255 255 255 255 225 242 255 255 255 236
 255 255 255 255 255 255 255 255 255 255 255 255 255 255 255 238
 255 255 255 255 255 255 255 255 255 255 255 255 255 255 255 238
 254 254 254 255 255 254 254 255 254 254 254 254 254 255 253 239
 254 255 255 255 255 255 255 255 255 255 255 255 255 255 255 246
 255 255 255 255 255 255 255 255 255 255 255 255 255 255 255 249
 255 255 255 255 255 255 255 255 255 255 255 255 255 255 255 250
 254 255 255 255 255 255 254 180 212 254 255 255 255 255 255 252
 254 255 255 255 255 255 217 114 128 255 255 255 255 255 255 254
 255 255 255 255 255 255 158 199 112 231 255 255 255 255 255 254
 255 255 255 255 255 249 115 250 157 180 255 255 255 255 255 254
 255 255 255 255 255 211 143 254 224 118 252 255 255 255 255 254
 254 255 255 255 255 152 202 254 251 117 214 255 255 255 255 255
 254 255 255 255 248 108 121 121 115 108 169 254 255 255 255 243
 254 255 255 254 194 142 254 253 248 199 119 253 255 255 255 232
 255 255 255 255 149 198 255 255 255 249 117 220 255 255 255 232
 255 255 255 254 199 244 255 255 255 255 218 240 255 255 255 233
 255 255 255 255 255 255 255 255 255 255 255 255 255 255 255 236
 255 255 255 255 255 255 255 255 255 255 255 255 255 255 255 235
 254 254 254 255 255 255 255 255 255 255 255 254 254 254 254 238
 242 243 242 242 244 243 243 242 243 246 244 245 243 245 240 236
 240 242 243 244 246 245 245 245 246 246 246 245 244 245 245 238
 243 241 243 246 247 246 244 245 245 246 246 245 244 244 244 240
 245 242 244 245 245 246 244 175 208 246 246 246 244 245 245 244
 243 242 242 245 245 245 208 107 119 244 246 246 246 247 245 244
 241 244 245 245 245 243 148 188 101 223 245 245 247 248 245 246
 241 242 245 246 246 237 106 237 141 169 244 244 247 245 246 246
 241 241 243 244 244 198 133 242 209 109 242 242 243 245 246 245
 244 242 244 242 241 140 191 245 241 104 202 241 244 243 242 243
 242 243 245 244 236  99 114 115 112  98 160 241 242 242 242 231
 241 239 242 243 183 133 240 239 232 182 111 241 241 241 241 221
 244 240 241 241 136 184 240 242 242 234 104 208 241 241 241 220
 238 240 241 242 185 230 240 240 240 241 202 224 240 241 241 221
 241 239 239 240 241 241 241 241 241 240 241 242 241 240 240 222
 239 239 239 240 238 239 239 238 238 238 239 240 237 238 239 221
 245 242 242 240 241 240 241 240 240 241 240 241 243 242 243 226

 249 252 252 254 255 255 255 255 255 245 235 235 236 238 238 239
 255 255 255 255 255 254 254 255 255 255 255 255 255 255 255 253
 255 255 255 255 255 255 254 255 255 255 255 255 255 255 255 255
 255 255 255 255 254 254 255 255 255 255 255 255 255 255 255 254
 255 255 255 255 255 255 255 255 255 254 253 225 242 255 255 254
 255 255 255 255 255 254 255 253 218 182 142 140 225 255 255 254
 255 255 255 254 255 235 194 142 133 133 210 251 255 255 255 254
 255 255 255 220 145 135 172 230 251 136 252 255 255 255 255 254
 255 255 255 195 136 211 252 255 255 139 255 255 255 255 255 255
 255 255 255 254 222 176 139 161 206 140 255 255 255 255 255 254
 255 255 255 255 255 255 250 220 167 129 164 209 246 255 255 254
 255 255 255 255 254 255 255 255 255 250 205 171 210 255 255 255
 255 255 255 255 254 255 255 255 255 255 255 255 255 255 255 255
 255 255 255 255 255 255 255 255 255 255 255 255 255 255 255 254
 255 255 255 255 255 255 255 255 255 255 255 255 255 255 255 254
 255 255 254 255 254 255 254 254 255 254 255 255 255 255 255 254
 246 249 250 252 254 254 254 254 255 243 232 232 233 236 235 238
 255 255 255 255 255 255 255 255 255 255 255 255 255 255 255 254
 255 255 255 255 255 255 255 255 255 255 255 255 255 255 255 254
 255 255 255 255 255 255 255 255 255 255 255 255 255 255 255 254
 255 255 255 255 255 255 255 255 255 254 253 220 240 255 255 254
 255 255 255 255 255 255 255 252 214 169 119 117 218 255 255 255
 255 255 255 254 255 231 180 118 117 108 199 249 255 255 255 255
 255 255 255 212 128 112 157 224 251 115 248 255 255 255 255 255
 255 255 255 180 114 199 250 254 254 121 253 255 255 255 255 255
 255 255 255 254 217 158 115 143 202 121 254 255 255 255 255 255
 255 255 255 255 255 255 249 211 152 108 142 198 244 255 255 255
 255 255 255 255 255 255 255 255 255 248 194 149 199 255 255 255
 255 255 255 255 255 255 255 255 255 255 254 255 254 255 255 255
 255 255 255 255 255 255 255 255 255 255 255 255 255 255 255 254
 255 255 255 255 255 255 255 255 255 255 255 255 255 255 255 254
 254 255 255 254 254 255 255 255 254 254 254 255 255 255 255 254
 236 238 240 244 244 246 246 245 243 231 221 220 221 222 221 226
 240 245 244 245 245 245 246 246 242 242 241 241 241 240 239 243
 245 245 244 245 247 248 245 245 243 242 241 241 241 240 238 242
 243 244 244 244 246 247 247 243 244 242 241 241 240 241 237 243
 245 245 245 246 246 245 244 242 241 241 241 208 224 242 240 241
 244 246 246 246 246 245 244 242 202 160 111 104 202 241 239 240
 246 246 246 246 244 223 169 109 104  98 182 234 241 240 238 241
 243 246 245 208 119 101 141 209 241 112 232 242 240 241 238 240
 242 245 245 175 107 188 237 242 245 115 239 242 240 241 238 240
 243 245 244 244 208 148 106 133 191 114 240 240 240 241 239 241
 243 245 246 246 245 243 237 198 140  99 133 184 230 241 239 240
 244 246 247 245 245 245 246 244 241 236 183 136 185 241 238 241
 242 244 246 245 245 245 246 244 242 244 243 241 242 240 240 240
 242 243 243 244 242 245 245 243 244 245 242 241 241 239 239 242
 243 242 241 242 242 244 242 241 242 243 239 240 240 239 239 242
 242 240 243 245 243 241 241 241 244 242 241 244 238 241 239 245

 239 253 255 254 254 254 254 254 255 254 254 255 255 254 254 254
 238 255 255 255 255 255 255 255 255 255 255 255 255 255 255 255
 238 255 255 255 255 255 255 255 255 255 255 255 255 255 255 255
 236 255 255 255 242 225 255 255 255 255 246 210 255 255 255 255
 235 255 255 255 225 140 251 255 255 255 209 171 255 255 255 255
 235 255 255 255 253 142 210 252 255 255 164 205 255 255 255 255
 245 255 255 255 254 182 133 136 139 140 129 250 255 255 255 254
 255 255 255 255 255 218 133 251 255 206 167 255 255 255 255 255
 255 255 255 255 255 253 142 230 255 161 220 255 255 255 255 254
 255 254 254 255 255 255 194 172 252 139 250 255 255 255 255 254
 255 254 255 254 255 254 235 135 211 176 255 255 255 255 255 255
 255 255 255 254 255 255 255 145 136 222 255 254 254 255 255 254
 254 255 255 255 255 255 254 220 195 254 255 255 255 255 255 255
 252 255 255 255 255 255 255 255 255 255 255 255 255 255 255 254
 252 255 255 255 255 255 255 255 255 255 255 255 255 255 255 255
 249 255 255 255 255 255 255 255 255 255 255 255 255 255 255 255
 238 254 254 254 254 255 255 255 255 255 255 255 255 254 254 254
 235 255 255 255 255 255 255 255 255 255 255 255 255 255 255 255
 236 255 255 255 255 255 255 255 255 255 255 255 255 255 255 255
 233 255 255 255 240 218 255 255 255 255 244 199 254 255 255 255
 232 255 255 255 220 117 249 255 255 255 198 149 255 255 255 255
 232 255 255 255 253 119 199 248 253 254 142 194 254 255 255 254
 243 255 255 255 254 169 108 115 121 121 108 248 255 255 255 254
 255 255 255 255 255 214 117 251 254 202 152 255 255 255 255 254
 254 255 255 255 255 252 118 224 254 143 211 255 255 255 255 255
 254 255 255 255 255 255 180 157 250 115 249 255 255 255 255 255
 254 255 255 255 255 255 231 112 199 158 255 255 255 255 255 255
 254 255 255 255 255 255 255 128 114 217 255 255 255 255 255 254
 252 255 255 255 255 255 254 212 180 254 255 255 255 255 255 254
 250 255 255 255 255 255 255 255 255 255 255 255 255 255 255 255
 249 255 255 255 255 255 255 255 255 255 255 255 255 255 255 255
 246 255 255 255 255 255 255 255 255 255 255 255 255 255 255 254
 226 243 242 243 241 240 241 240 240 241 240 241 240 242 242 245
 221 239 238 237 240 239 238 238 238 239 239 238 240 239 239 239
 222 240 240 241 242 241 240 241 241 241 241 241 240 239 239 241
 221 241 241 240 224 202 241 240 240 240 230 185 242 241 240 238
 220 241 241 241 208 104 234 242 242 240 184 136 241 241 240 244
 221 241 241 241 241 111 182 232 239 240 133 183 243 242 239 241
 231 242 242 242 241 160  98 112 115 114  99 236 244 245 243 242
 243 242 243 244 241 202 104 241 245 191 140 241 242 244 242 244
 245 246 245 243 242 242 109 209 242 133 198 244 244 243 241 241
 246 246 245 247 244 244 169 141 237 106 237 246 246 245 242 241
 246 245 248 247 245 245 223 101 188 148 243 245 245 245 244 241
 244 245 247 246 246 246 244 119 107 208 245 245 245 242 242 243
 244 245 245 244 246 246 246 208 175 244 246 245 245 244 242 245
 240 244 244 244 245 246 246 245 245 244 246 247 246 243 241 243
 238 245 245 244 245 246 246 246 245 245 245 246 244 243 242 240
 236 240 245 243 245 244 246 243 242 243 243 244 242 242 243 242

 254 255 255 255 255 255 254 255 254 254 255 254 255 254 255 255
 254 255 255 255 255 255 255 255 255 255 255 255 255 255 255 255
 254 255 255 255 255 255 255 255 255 255 255 255 255 255 255 255
 255 255 255 255 255 255 255 255 255 255 255 254 255 255 255 255
 255 255 255 210 171 205 250 255 255 255 255 254 255 255 255 255
 254 255 255 246 209 164 129 167 220 250 255 255 255 255 255 255
 254 255 255 255 255 255 140 206 161 139 176 222 254 255 255 255
 255 255 255 255 255 255 139 255 255 252 211 136 195 255 255 255
 254 255 255 255 255 252 136 251 230 172 135 145 220 255 255 255
 254 255 255 255 251 210 133 133 142 194 235 255 254 255 255 255
 254 255 255 225 140 142 182 218 253 255 254 255 255 255 255 255
 254 255 255 242 225 253 254 255 255 255 255 255 255 255 255 255
 254 255 255 255 255 255 255 255 255 255 254 254 255 255 255 255
 255 255 255 255 255 255 255 255 255 254 255 255 255 255 255 255
 253 255 255 255 255 255 255 255 255 254 254 255 255 255 255 255
 239 238 238 236 235 235 245 255 255 255 255 255 254 252 252 249
 254 255 255 255 255 254 254 254 255 255 255 254 254 255 255 254
 254 255 255 255 255 255 255 255 255 255 255 255 255 255 255 255
 254 255 255 255 255 255 255 255 255 255 255 255 255 255 255 255
 255 255 255 254 255 254 255 255 255 255 255 255 255 255 255 255
 255 255 255 199 149 194 248 255 255 255 255 255 255 255 255 255
 255 255 255 244 198 142 108 152 211 249 255 255 255 255 255 255
 255 255 255 255 255 254 121 202 143 115 158 217 254 255 255 255
 255 255 255 255 255 253 121 254 254 250 199 114 180 255 255 255
 255 255 255 255 255 248 115 251 224 157 112 128 212 255 255 255
 255 255 255 255 249 199 108 117 118 180 231 255 254 255 255 255
 255 255 255 218 117 119 169 214 252 255 255 255 255 255 255 255
 254 255 255 240 220 253 254 255 255 255 255 255 255 255 255 255
 254 255 255 255 255 255 255 255 255 255 255 255 255 255 255 255
 254 255 255 255 255 255 255 255 255 255 255 255 255 255 255 255
 254 255 255 255 255 255 255 255 255 255 255 255 255 255 255 255
 238 235 236 233 232 232 243 255 254 254 254 254 252 250 249 246
 245 239 241 238 244 241 242 244 241 241 241 243 245 243 240 242
 242 239 239 240 240 239 243 242 241 242 244 242 242 241 242 243
 242 239 239 241 241 242 245 244 243 245 245 242 244 243 243 242
 240 240 240 242 241 243 244 242 244 246 245 245 245 246 244 242
 241 238 241 185 136 183 236 241 244 246 245 245 245 247 246 244
 240 239 241 230 184 133  99 140 198 237 243 245 246 246 245 243
 241 239 241 240 240 240 114 191 133 106 148 208 244 244 245 243
 240 238 241 240 242 239 115 245 242 237 188 107 175 245 245 242
 240 238 241 240 242 232 112 241 209 141 101 119 208 245 246 243
 241 238 240 241 234 182  98 104 109 169 223 244 246 246 246 246
 240 239 241 202 104 111 160 202 242 244 245 246 246 246 246 244
 241 240 242 224 208 241 241 241 242 244 245 246 246 245 245 245
 243 237 241 240 241 241 242 244 243 247 247 246 244 244 244 243
 242 238 240 241 241 241 242 243 245 245 248 247 245 244 245 245
 243 239 240 241 241 241 242 242 246 246 245 245 245 244 245 240
 226 221 222 221 220 221 231 243 245 246 246 244 244 240 238 236

